n	eps	pa
8	0.0000	-56.5712
8	0.0020	-56.54242576
8	0.0040	-56.49117807
8	0.0060	-56.41594317
8	0.0080	-56.31509054
8	0.0100	-56.18686165
8	0.0120	-56.02935726
8	0.0140	-55.84052336
8	0.0160	-55.61813521
8	0.0180	-55.35977945
8	0.0200	-55.06283389
8	0.0220	-54.72444466
8	0.0240	-54.34150023
8	0.0260	-53.91060192
8	0.0280	-53.42803022
8	0.0300	-52.8897062
8	0.0320	-52.29114734
8	0.0340	-51.62741652
8	0.0360	-50.89306317
8	0.0380	-50.08205493
8	0.0400	-49.18769823
8	0.0420	-48.20254533
8	0.0440	-47.11828526
8	0.0460	-45.92561534
8	0.0473	-45.08734932
16	0.0000	-95.77414943
16	0.0020	-95.43041908
16	0.0040	-95.03260174
16	0.0060	-94.57713608
16	0.0080	-94.06018218
16	0.0100	-93.47759405
16	0.0120	-92.82488888
16	0.0140	-92.09721247
16	0.0160	-91.2893003
16	0.0180	-90.39543363
16	0.0200	-89.40938975
16	0.0220	-88.32438563
16	0.0240	-87.13301377
16	0.0260	-85.82716898
16	0.0280	-84.39796472
16	0.0300	-82.83563692
16	0.0320	-81.12943334
16	0.0340	-79.26748572
16	0.0360	-77.23666145
16	0.0380	-75.02239103
16	0.0400	-72.60846634
16	0.0420	-69.97680397
16	0.0440	-67.10716633
16	0.0460	-63.97683127
16	0.0480	-60.5601991
16	0.0500	-56.82832247
16	0.0506	-55.6424877
24	0.0000	-126.3466639
24	0.0020	-125.5188926
24	0.0040	-124.5988997
24	0.0060	-123.5806461
24	0.0080	-122.4576129
24	0.0100	-121.2227528
24	0.0120	-119.8684362
24	0.0140	-118.3863901
24	0.0160	-116.7676294
24	0.0180	-115.0023788
24	0.0200	-113.0799848
24	0.0220	-110.9888148
24	0.0240	-108.7161427
24	0.0260	-106.2480174
24	0.0280	-103.5691127
24	0.0300	-100.6625532
24	0.0320	-97.50971453
24	0.0340	-94.08999023
24	0.0360	-90.38052161
24	0.0380	-86.35588122
24	0.0400	-81.98770153
24	0.0420	-77.24423717
24	0.0440	-72.08984632
24	0.0460	-66.48437324
24	0.0480	-60.38240928
24	0.0500	-53.73240336
24	0.0520	-46.47558485
24	0.0540	-38.5446508
24	0.0542	-37.71159717
32	0.0000	-150.3667079
32	0.0020	-148.9114183
32	0.0040	-147.3195696
32	0.0060	-145.5822011
32	0.0080	-143.6896275
32	0.0100	-141.6313639
32	0.0120	-139.3960427
32	0.0140	-136.9713186
32	0.0160	-134.3437616
32	0.0180	-131.498736
32	0.0200	-128.4202617
32	0.0220	-125.0908569
32	0.0240	-121.4913575
32	0.0260	-117.6007097
32	0.0280	-113.3957311
32	0.0300	-108.8508347
32	0.0320	-103.9377083
32	0.0340	-98.62494088
32	0.0360	-92.87758593
32	0.0380	-86.65664781
32	0.0400	-79.91847592
32	0.0420	-72.6140458
32	0.0440	-64.688102
32	0.0460	-56.07813043
32	0.0480	-46.71311893
32	0.0500	-36.51205284
32	0.0520	-25.38207669
32	0.0540	-13.21623113
32	0.0560	0.1093550486
32	0.0580	14.73897916
