n	eps	pa
1	0.0000	-31.37066001
1	0.0020	-31.19384225
1	0.0040	-31.01433482
1	0.0060	-30.83209347
1	0.0080	-30.647073
1	0.0100	-30.45922722
1	0.0120	-30.26850893
1	0.0140	-30.07486992
1	0.0160	-29.8782609
1	0.0180	-29.67863151
1	0.0200	-29.47593026
1	0.0220	-29.2701045
1	0.0240	-29.06110042
1	0.0260	-28.84886297
1	0.0280	-28.63333587
1	0.0300	-28.41446154
1	0.0320	-28.19218109
1	0.0340	-27.96643424
1	0.0360	-27.73715934
1	0.0380	-27.50429329
1	0.0400	-27.26777149
1	0.0420	-27.02752784
1	0.0440	-26.78349463
1	0.0460	-26.53560256
1	0.0480	-26.28378065
1	0.0500	-26.0279562
1	0.0520	-25.76805472
1	0.0540	-25.50399993
1	0.0560	-25.23571364
1	0.0580	-24.96311573
1	0.0600	-24.68612405
1	0.0620	-24.40465444
1	0.0640	-24.11862055
1	0.0660	-23.82793387
1	0.0680	-23.53250362
1	0.0700	-23.23223665
1	0.0720	-22.92703743
1	0.0740	-22.6168079
1	0.0760	-22.30144745
1	0.0780	-21.98085279
1	0.0800	-21.65491788
1	0.0820	-21.32353385
1	0.0840	-20.98658885
1	0.0860	-20.64396805
1	0.0880	-20.29555342
1	0.0900	-19.94122371
1	0.0920	-19.58085431
1	0.0940	-19.21431709
1	0.0960	-18.84148036
1	0.0980	-18.46220868
1	0.1000	-18.07636274
1	0.1020	-17.68379922
1	0.1040	-17.28437069
1	0.1060	-16.87792537
1	0.1080	-16.46430705
1	0.1100	-16.04335491
1	0.1120	-15.61490332
1	0.1140	-15.17878168
1	0.1160	-14.73481422
1	0.1180	-14.28281985
1	0.1200	-13.82261186
1	0.1220	-13.35399783
1	0.1240	-12.87677928
1	0.1260	-12.39075153
1	0.1280	-11.8957034
1	0.1300	-11.39141697
1	0.1320	-10.87766733
1	0.1340	-10.35422224
1	0.1360	-9.820841882
1	0.1380	-9.27727854
1	0.1400	-8.723276254
1	0.1420	-8.158570491
2	0.0000	-45.59144177
2	0.0020	-45.16273844
2	0.0040	-44.72783848
2	0.0060	-44.28663865
2	0.0080	-43.83903347
2	0.0100	-43.38491515
2	0.0120	-42.92417348
2	0.0140	-42.45669583
2	0.0160	-41.98236705
2	0.0180	-41.50106939
2	0.0200	-41.01268245
2	0.0220	-40.51708308
2	0.0240	-40.01414532
2	0.0260	-39.50374032
2	0.0280	-38.98573623
2	0.0300	-38.45999816
2	0.0320	-37.92638803
2	0.0340	-37.38476455
2	0.0360	-36.83498306
2	0.0380	-36.27689545
2	0.0400	-35.71035007
2	0.0420	-35.13519163
2	0.0440	-34.55126106
2	0.0460	-33.9583954
2	0.0480	-33.35642771
2	0.0500	-32.74518693
2	0.0520	-32.12449773
2	0.0540	-31.49418041
2	0.0560	-30.85405075
2	0.0580	-30.20391986
2	0.0600	-29.54359406
2	0.0620	-28.87287467
2	0.0640	-28.19155792
2	0.0660	-27.49943472
2	0.0680	-26.79629054
2	0.0700	-26.08190518
2	0.0720	-25.35605265
2	0.0740	-24.61850089
2	0.0760	-23.86901166
2	0.0780	-23.10734024
2	0.0800	-22.3332353
2	0.0820	-21.54643859
2	0.0840	-20.74668477
2	0.0860	-19.93370113
2	0.0880	-19.10720734
2	0.0900	-18.26691516
2	0.0920	-17.41252823
2	0.0940	-16.54374167
2	0.0960	-15.6602419
2	0.0980	-14.76170622
2	0.1000	-13.84780255
2	0.1020	-12.91818903
2	0.1040	-11.9725137
2	0.1060	-11.01041413
2	0.1080	-10.03151698
2	0.1100	-9.035437633
2	0.1120	-8.021779747
2	0.1140	-6.990134813
2	0.1160	-5.940081678
2	0.1180	-4.871186062
2	0.1200	-3.783000035
2	0.1220	-2.675061486
2	0.1240	-1.54689355
2	0.1260	-0.3980040227
2	0.1280	0.7721152617
2	0.1300	1.963989083
2	0.1320	3.178159517
2	0.1340	4.41518665
2	0.1360	5.675649336
2	0.1380	6.960145984
2	0.1400	8.269295386
2	0.1420	9.603737598
2	0.1440	10.96413485
2	0.1460	12.35117253
2	0.1480	13.76556016
2	0.1500	15.20803252
2	0.1520	16.67935074
2	0.1540	18.18030352
3	0.0000	-50.9266801
3	0.0020	-50.19789778
3	0.0040	-49.45880989
3	0.0060	-48.70924249
3	0.0080	-47.94901777
3	0.0100	-47.17795395
3	0.0120	-46.39586514
3	0.0140	-45.60256128
3	0.0160	-44.79784797
3	0.0180	-43.98152638
3	0.0200	-43.1533931
3	0.0220	-42.31324003
3	0.0240	-41.46085421
3	0.0260	-40.59601772
3	0.0280	-39.71850749
3	0.0300	-38.82809521
3	0.0320	-37.92454709
3	0.0340	-37.00762378
3	0.0360	-36.07708015
3	0.0380	-35.13266511
3	0.0400	-34.17412147
3	0.0420	-33.20118575
3	0.0440	-32.21358792
3	0.0460	-31.21105128
3	0.0480	-30.1932922
3	0.0500	-29.16001993
3	0.0520	-28.11093637
3	0.0540	-27.0457358
3	0.0560	-25.96410469
3	0.0580	-24.86572143
3	0.0600	-23.75025605
3	0.0620	-22.61736997
3	0.0640	-21.46671569
3	0.0660	-20.29793654
3	0.0680	-19.11066633
3	0.0700	-17.90452906
3	0.0720	-16.67913857
3	0.0740	-15.4340982
3	0.0760	-14.16900046
3	0.0780	-12.88342662
3	0.0800	-11.57694632
3	0.0820	-10.2491172
3	0.0840	-8.89948444
3	0.0860	-7.527580354
3	0.0880	-6.132923904
3	0.0900	-4.715020233
3	0.0920	-3.273360168
3	0.0940	-1.807419694
3	0.0960	-0.3166594111
3	0.0980	1.199476029
3	0.1000	2.74155852
3	0.1020	4.310177122
3	0.1040	5.905938705
3	0.1060	7.529468628
3	0.1080	9.18141145
3	0.1100	10.86243167
3	0.1120	12.57321449
3	0.1140	14.31446665
3	0.1160	16.08691728
3	0.1180	17.89131874
3	0.1200	19.72844763
3	0.1220	21.59910572
3	0.1240	23.50412098
3	0.1260	25.44434867
3	0.1280	27.42067248
3	0.1300	29.4340057
3	0.1320	31.48529246
3	0.1340	33.57550909
3	0.1360	35.70566544
3	0.1380	37.87680636
3	0.1400	40.09001323
3	0.1420	42.34640556
3	0.1440	44.64714267
3	0.1460	46.9934255
3	0.1480	49.38649848
3	0.1500	51.82765149
3	0.1520	54.318222
3	0.1540	56.85959722
3	0.1560	59.45321649
3	0.1580	62.1005737
3	0.1600	64.80321992
3	0.1620	67.56276615
3	0.1640	70.38088625
3	0.1660	73.25932001
3	0.1680	76.19987644
4	0.0000	-49.3612648
4	0.0020	-48.28995674
4	0.0040	-47.20365729
4	0.0060	-46.10210984
4	0.0080	-44.98505196
4	0.0100	-43.85221528
4	0.0120	-42.70332528
4	0.0140	-41.53810113
4	0.0160	-40.35625553
4	0.0180	-39.15749447
4	0.0200	-37.94151709
4	0.0220	-36.70801544
4	0.0240	-35.45667429
4	0.0260	-34.18717089
4	0.0280	-32.8991748
4	0.0300	-31.59234758
4	0.0320	-30.26634261
4	0.0340	-28.92080482
4	0.0360	-27.55537043
4	0.0380	-26.16966666
4	0.0400	-24.76331151
4	0.0420	-23.3359134
4	0.0440	-21.88707094
4	0.0460	-20.41637254
4	0.0480	-18.92339617
4	0.0500	-17.40770896
4	0.0520	-15.86886688
4	0.0540	-14.30641439
4	0.0560	-12.71988403
4	0.0580	-11.10879606
4	0.0600	-9.472658018
4	0.0620	-7.810964346
4	0.0640	-6.123195909
4	0.0660	-4.408819555
4	0.0680	-2.667287636
4	0.0700	-0.8980375124
4	0.0720	0.8995089643
4	0.0740	2.725945989
4	0.0760	4.581884361
4	0.0780	6.467952074
4	0.0800	8.384794916
4	0.0820	10.33307711
4	0.0840	12.31348198
4	0.0860	14.32671263
4	0.0880	16.37349267
4	0.0900	18.45456699
4	0.0920	20.57070249
4	0.0940	22.72268898
4	0.0960	24.91133998
4	0.0980	27.13749362
4	0.1000	29.40201361
4	0.1020	31.7057902
4	0.1040	34.04974121
4	0.1060	36.43481311
4	0.1080	38.86198216
4	0.1100	41.33225553
4	0.1120	43.84667262
4	0.1140	46.4063063
4	0.1160	49.01226428
4	0.1180	51.66569056
4	0.1200	54.36776689
4	0.1220	57.11971436
4	0.1240	59.92279505
4	0.1260	62.77831377
4	0.1280	65.68761988
4	0.1300	68.6521092
4	0.1320	71.67322603
4	0.1340	74.75246527
4	0.1360	77.89137469
4	0.1380	81.09155723
4	0.1400	84.35467353
4	0.1420	87.68244453
4	0.1440	91.07665423
4	0.1460	94.53915263
4	0.1480	98.07185878
4	0.1500	101.676764
4	0.1520	105.3559356
4	0.1540	109.1115199
4	0.1560	112.9457468
4	0.1580	116.8609335
4	0.1600	120.8594886
4	0.1620	124.9439173
4	0.1640	129.1168257
4	0.1660	133.3809262
4	0.1680	137.7390429
4	0.1700	142.1941176
4	0.1720	146.7492156
4	0.1740	151.4075329
4	0.1760	156.1724027
4	0.1780	161.0473029
4	0.1800	166.0358644
4	0.1820	171.1418794
4	0.1840	176.3693106
5	0.0000	-41.83097315
5	0.0020	-40.37639274
5	0.0040	-38.90153973
5	0.0060	-37.4060618
5	0.0080	-35.88959851
5	0.0100	-34.3517811
5	0.0120	-32.79223221
5	0.0140	-31.21056568
5	0.0160	-29.60638622
5	0.0180	-27.97928922
5	0.0200	-26.3288604
5	0.0220	-24.65467558
5	0.0240	-22.95630033
5	0.0260	-21.23328971
5	0.0280	-19.48518788
5	0.0300	-17.71152785
5	0.0320	-15.91183108
5	0.0340	-14.08560711
5	0.0360	-12.23235325
5	0.0380	-10.35155413
5	0.0400	-8.442681324
5	0.0420	-6.505192944
5	0.0440	-4.538533193
5	0.0460	-2.542131918
5	0.0480	-0.515404148
5	0.0500	1.542250395
5	0.0520	3.6314478
5	0.0540	5.752820489
5	0.0560	7.907017766
5	0.0580	10.09470638
5	0.0600	12.31657112
5	0.0620	14.57331543
5	0.0640	16.86566205
5	0.0660	19.19435366
5	0.0680	21.56015363
5	0.0700	23.96384667
5	0.0720	26.40623964
5	0.0740	28.88816234
5	0.0760	31.41046828
5	0.0780	33.97403558
5	0.0800	36.57976784
5	0.0820	39.22859511
5	0.0840	41.92147481
5	0.0860	44.65939278
5	0.0880	47.44336436
5	0.0900	50.27443547
5	0.0920	53.15368377
5	0.0940	56.08221991
5	0.0960	59.06118878
5	0.0980	62.09177086
5	0.1000	65.17518356
5	0.1020	68.31268277
5	0.1040	71.50556433
5	0.1060	74.75516565
5	0.1080	78.0628674
5	0.1100	81.43009527
5	0.1120	84.85832183
5	0.1140	88.34906848
5	0.1160	91.90390749
5	0.1180	95.52446417
5	0.1200	99.21241909
5	0.1220	102.9695105
5	0.1240	106.7975368
5	0.1260	110.6983592
5	0.1280	114.6739044
5	0.1300	118.7261678
5	0.1320	122.8572162
5	0.1340	127.0691913
5	0.1360	131.364313
5	0.1380	135.7448831
5	0.1400	140.2132892
5	0.1420	144.7720086
5	0.1440	149.4236125
5	0.1460	154.1707708
5	0.1480	159.0162567
5	0.1500	163.9629519
5	0.1520	169.0138518
5	0.1540	174.1720713
5	0.1560	179.4408508
5	0.1580	184.8235629
5	0.1600	190.3237189
5	0.1620	195.944976
5	0.1640	201.6911454
5	0.1660	207.5662004
5	0.1680	213.5742849
5	0.1700	219.7197231
5	0.1720	226.0070291
5	0.1740	232.440918
5	0.1760	239.026317
5	0.1780	245.7683776
5	0.1800	252.6724885
5	0.1820	259.7442899
5	0.1840	266.9896884
5	0.1860	274.4148725
5	0.1880	282.0263308
5	0.1900	289.8308698
5	0.1920	297.8356341
5	0.1940	306.0481282
5	0.1960	314.4762393
5	0.1980	323.1282625
5	0.2000	332.012928
